1
330
150
325
114
80
2900
3500
50
110
505
5850
5590
300
58
50
1350
1
588
0
100
1152
756
700
75
90
5019
5000
1390
190
2005
2000
130
2000
1000
1045
66600
980
125
1498
235
10
21
200
711
6780
30
1598
30
9880
56
545
47000
12000
60
1
3
410
5000
892
220
1
1000
1305
50210
2440
160
590
744
30
800
1
2005
390
566
5448
970
307
704
260
5005
30850
96
20
5000
10650
280
110
100
100
780
500
25
20
465
300
200
280
210
690
905
218
4000
6775
50
174
480
800
250
30586
389
200
515
500
2300
2555
40
736
2185
3005
50
98
20
100
661
1211
2007
320
1
15929
13000
220
10
85
30
77
21
1500
2320
1200
90
50000
100
200
100
13200
0
3340
65
700
295
30
50
57
1310
700
1384
1
23
130
7
9477
25
5566
50000
115
20
1780
543
70
1000
8630
5355
20
250
225
2750
590
9500
16
1005
295
778
785
50
485
0
20007
300
180
1
50
1000
0
11405
15000
4005
7300
100
300
110
475
632
1
20500
430
33000
16300
510
7230
1100
3005
20
27
550
605
700
92
50
192
4230
125
42
6740
5005
240
300
1
10490
31
63
391
150
16180
57150
140
800
1000
40000
50
575
60
100
54
12000
500
508
50
5735
8600
1230
30
631
1
6290
33011
846
55
1000
698
49
23
310
85
900
1150
5880
820
1000
1210
70
150
90
744
536
11
9
600
34
110
940
105
40
60000
100
30
140
60015
1405
235
370
10005
25000
85
30000
5005
15000
1
20
2000
200
500
400
140
2300
525
100
8469
150
100
935
85
10760
2600
20
330
10
30009
887
200
3505
225
200
1000
1300
124
327
160
45
1150
50
490
200
45
20
80
1
1940
1
700
0
1
10000
100
3800
1
30000
23
1
4805
6050
190
3500
140
1
4002
156
10
100
5005
160
0
20
370
1000
2000
2000
325
1
730
200
20
73983
30
150
21639
2080
5005
525
60
21
3000
300
0
1
13
846
200
3067
25
10000
2430
300
40
975
490
2000
930
3940
40
505
6370
140
600
72418
170
380
4948
20
200
1171
50
30900
2305
4670
889
95
454
200
310
400
255
5760
1800
403
20
442
15715
1000
294
1200
1005
5000
1505
200
20
540
1
475
232
300
355
450
140
820
50000
20
1
60
40
6200
3270
300
3298
44
59
207
4040
840
30
2900
1600
49
5000
100
7000
390
350
50
50
1005
230
250
11000
270
1300
10005
1
4500
10
45
180
41
305
50
600
20
12007
40
54
5005
180
130
640
100
30
500
900
1000
943